40
0 74 19 53 42 49 18 24 4 57 71 33 82 59 48 4 45 54 87 21 21 86 95 31 70 93 79 54 72 74 19 31 25 47 54 74 66 45 22 77 
74 0 34 88 53 25 23 57 94 54 52 42 86 54 13 75 39 47 89 31 38 95 66 33 64 91 86 96 35 17 83 0 23 36 95 46 87 64 55 28 
43 74 0 53 56 11 87 93 44 33 32 91 76 91 66 47 28 43 55 27 17 83 18 46 94 5 31 19 98 57 63 15 84 30 39 73 8 18 96 84 
42 83 7 0 9 13 57 51 70 54 77 0 68 86 46 56 20 15 78 75 61 1 64 17 43 16 45 62 31 72 83 80 7 85 36 57 73 19 16 20 
6 60 79 41 0 77 94 62 5 48 74 92 58 57 71 74 56 1 41 86 10 30 1 10 13 53 93 66 90 60 85 73 71 64 10 2 56 88 35 18 
47 41 39 3 93 0 95 4 99 8 13 16 92 62 27 70 38 71 71 34 20 54 91 73 0 51 97 66 79 31 11 54 25 51 57 77 54 73 13 26 
43 13 68 71 42 23 0 31 74 87 28 42 59 66 45 51 43 55 19 83 30 64 4 10 26 80 64 64 99 29 68 58 45 42 33 91 51 71 22 74 
87 47 75 10 14 14 3 0 86 55 87 32 31 98 44 21 24 75 28 64 76 60 27 34 54 49 41 35 39 92 28 86 44 11 2 86 60 45 83 57 
47 64 49 28 5 62 40 16 0 6 18 8 5 14 46 58 79 94 89 79 36 38 77 93 54 50 74 14 89 64 66 3 0 62 12 88 57 29 73 26 
98 38 72 9 29 63 22 94 8 0 92 99 74 26 31 23 80 6 8 90 26 28 34 49 8 30 37 93 64 38 68 15 7 79 85 77 38 31 82 35 
73 33 18 95 96 69 20 5 44 7 0 11 73 81 10 57 77 87 28 58 54 71 7 20 23 91 54 40 84 36 89 11 76 56 10 75 59 42 97 82 
10 52 49 78 83 26 54 62 42 57 80 0 30 62 47 38 10 97 8 63 21 49 83 35 31 17 35 11 70 40 48 7 19 63 87 13 36 26 21 36 
44 72 82 54 27 28 45 23 25 21 63 43 0 98 57 44 18 18 42 19 19 90 49 66 78 51 11 70 18 74 25 27 43 91 91 46 80 64 79 99 
64 41 99 65 88 95 32 51 42 68 63 60 68 0 81 4 88 68 93 52 91 88 72 24 5 75 51 54 54 49 42 60 79 7 82 93 67 45 60 19 
26 61 70 98 70 99 77 80 84 73 48 5 63 36 0 18 78 94 66 10 41 23 88 12 18 71 48 28 4 83 86 45 58 81 52 72 45 89 9 65 
43 81 69 72 17 59 70 70 41 78 41 11 22 78 39 0 91 35 38 71 18 5 91 16 65 23 46 84 31 59 69 56 3 11 51 83 81 32 38 55 
97 32 3 80 58 55 79 89 31 1 55 18 27 1 14 19 0 88 26 90 3 39 32 86 52 69 51 80 81 89 19 49 80 9 47 16 18 68 96 39 
38 25 34 72 0 62 37 61 99 32 34 1 39 36 90 99 24 0 62 60 35 37 35 83 62 16 21 34 67 51 63 51 44 17 56 61 88 74 66 85 
51 56 13 40 39 94 66 56 55 66 13 80 45 26 21 12 74 12 0 82 5 45 27 81 45 85 47 26 80 68 37 59 66 67 86 53 38 39 67 0 
34 73 33 52 5 66 30 10 15 74 77 29 78 41 76 0 36 17 92 0 14 21 54 29 66 21 58 74 0 4 81 94 0 98 58 93 89 85 24 28 
21 93 46 0 48 9 54 70 88 80 86 29 98 80 97 80 5 28 88 13 0 23 63 1 96 32 68 93 10 39 85 15 47 55 27 34 24 87 50 40 
88 36 60 65 41 93 14 45 23 48 76 64 37 5 26 88 73 92 51 6 88 0 46 51 7 53 44 7 0 21 66 38 50 85 41 80 77 92 91 54 
52 39 18 20 56 34 71 63 9 23 32 55 68 95 89 71 92 76 45 49 46 95 0 50 91 20 96 19 63 28 48 17 91 29 42 69 87 64 88 84 
19 66 97 8 68 19 91 34 55 33 45 15 37 73 24 4 47 63 73 7 53 74 70 0 46 88 41 88 45 98 37 73 3 97 85 34 9 22 97 42 
20 47 1 63 94 66 9 48 98 12 59 63 82 10 64 34 24 11 56 2 63 55 37 99 0 54 21 22 24 98 34 28 93 91 88 66 49 67 81 67 
21 36 7 45 81 50 63 59 44 77 37 52 80 32 85 0 39 48 91 11 65 37 71 95 43 0 96 44 67 63 38 30 35 1 0 37 27 68 97 80 
46 88 24 29 70 45 54 68 94 18 81 50 46 24 25 19 43 54 85 96 6 95 82 99 75 47 0 16 80 30 33 56 31 98 4 84 78 87 62 41 
33 39 98 88 32 40 41 8 67 58 20 18 24 21 58 10 85 47 95 3 3 80 50 40 53 3 64 0 22 95 43 21 71 90 47 5 83 58 45 78 
11 62 61 7 34 85 47 68 99 60 92 68 92 30 72 18 92 74 63 92 62 69 34 37 39 4 44 35 0 96 85 20 41 75 53 24 1 76 20 39 
47 90 90 79 13 38 92 52 34 94 92 95 44 24 30 97 89 1 63 10 55 2 25 16 43 81 0 61 56 0 57 85 15 24 74 41 3 55 93 60 
39 37 55 76 34 39 10 22 1 19 45 61 25 95 9 62 5 0 66 10 44 13 97 88 27 93 42 39 31 86 0 14 25 97 29 85 16 57 43 69 
86 60 32 55 51 96 80 74 51 48 42 60 31 53 90 16 32 9 26 35 71 55 67 27 99 32 75 18 24 83 44 0 92 29 18 83 61 24 96 34 
7 23 54 37 42 21 63 86 59 38 25 81 44 2 29 91 10 87 47 76 47 61 27 50 41 93 17 15 58 77 27 84 0 77 8 27 5 54 91 5 
14 94 20 69 93 68 36 30 42 69 78 11 60 15 61 57 63 72 24 50 43 38 49 42 97 81 27 4 62 57 37 51 52 0 3 98 81 60 38 52 
1 96 33 23 70 16 52 47 75 68 85 54 47 18 68 58 70 20 63 47 86 78 91 40 46 56 99 10 99 40 53 82 92 90 0 47 63 27 78 69 
96 5 28 93 7 79 21 40 31 1 68 42 43 92 98 26 20 12 18 23 98 62 61 1 63 29 77 25 68 68 1 57 16 71 73 0 11 21 48 30 
3 55 24 55 90 78 64 27 27 44 16 81 27 17 8 73 27 79 41 19 9 20 70 64 8 20 53 42 81 16 23 43 49 40 71 65 0 76 39 87 
23 17 51 71 55 53 3 36 79 59 37 20 2 50 43 48 93 50 14 27 29 80 33 43 84 36 37 31 33 78 70 44 29 85 17 52 24 0 48 1 
0 13 33 92 62 50 2 69 43 90 38 6 35 15 64 73 66 55 90 83 37 60 11 85 77 90 39 11 95 4 94 67 56 10 25 33 52 4 0 75 
20 85 65 10 93 0 78 71 9 50 71 46 36 24 34 54 67 66 75 41 11 12 50 13 4 69 1 98 36 78 41 63 30 15 50 35 80 37 82 0 
