16
0 77 26 65 39 31 29 19 2 20 38 83 59 30 2 64 
89 0 47 95 10 8 0 74 12 45 98 74 99 27 59 90 
46 7 0 41 68 37 78 28 61 10 41 62 41 56 95 97 
36 53 64 0 39 23 81 54 48 4 13 6 99 11 6 66 
0 96 33 29 0 94 16 2 42 19 19 82 28 58 9 28 
42 1 16 91 91 0 95 45 57 96 85 95 25 1 86 2 
73 75 52 18 41 20 0 79 60 79 24 78 36 36 82 81 
75 58 87 21 49 74 91 0 36 14 28 21 23 41 28 7 
63 14 59 69 14 68 42 51 0 48 25 77 54 44 23 45 
94 8 88 72 2 75 30 34 25 0 83 64 28 4 34 71 
63 89 32 76 94 6 24 61 14 80 0 97 51 47 23 98 
33 19 48 89 79 84 88 28 6 96 14 0 31 16 57 18 
0 95 92 71 61 18 67 99 57 8 74 10 0 16 77 23 
24 87 37 98 93 52 23 14 42 37 14 83 52 0 91 74 
84 63 74 74 68 79 67 45 74 64 8 7 17 69 0 32 
36 29 76 98 85 20 5 87 67 5 51 17 6 52 10 0 
