20
0 65 24 55 2 25 4 86 67 7 5 20 24 66 12 72 80 37 28 62 
57 0 90 32 29 73 16 60 82 29 31 73 87 84 9 6 6 22 50 76 
85 40 0 98 84 5 62 2 66 11 7 13 14 82 29 47 5 21 74 64 
14 5 37 0 38 96 63 37 79 50 11 81 64 90 40 74 63 92 15 4 
25 79 43 86 0 76 23 63 45 13 78 4 83 23 81 98 74 82 27 50 
82 5 30 98 93 0 12 82 1 12 7 88 94 3 65 39 40 36 52 91 
27 36 55 0 40 89 0 14 80 43 22 73 50 44 65 62 71 81 0 83 
6 66 75 63 63 3 75 0 53 34 2 95 13 50 71 83 0 45 22 73 
66 10 71 52 30 37 25 69 0 94 80 94 22 99 30 36 12 87 83 76 
99 53 86 61 39 63 28 76 74 0 83 35 98 17 94 27 29 69 30 75 
56 60 81 46 11 76 48 60 8 89 0 38 75 79 25 57 88 27 69 1 
18 22 54 74 53 68 79 49 0 52 72 0 68 52 1 49 82 29 81 40 
42 25 57 64 41 15 57 77 89 19 99 31 0 12 88 47 54 80 3 65 
39 66 63 70 54 79 6 62 65 97 85 28 57 0 78 79 77 87 95 95 
76 38 21 28 62 3 76 35 4 58 65 18 18 25 0 3 43 64 79 24 
30 68 33 43 65 64 0 2 61 7 27 31 81 54 12 0 37 38 7 17 
0 6 16 79 70 56 30 44 24 16 26 69 47 65 83 94 0 3 97 4 
66 49 84 1 47 34 37 11 75 75 56 25 62 79 55 22 48 0 63 47 
89 3 28 77 99 68 51 38 94 40 55 88 28 39 48 3 83 43 0 61 
44 22 85 13 66 23 33 63 6 58 91 98 25 74 66 78 85 41 38 0 
